# t	M_D	M_d	R_out	R_C	R_68	R_95	M_acc
# yr	g	g	AU	AU	AU	AU	Msun/yr
0.000000000000000000e+00	9.945024888370494329e+31	9.945024888370494329e+29	1.547326402676393172e+03	1.500000000000000000e+02	1.707639929024602168e+02	4.492195168526090470e+02	3.385466229461563171e-09
9.999999999999998863e+02	9.944410120500746319e+31	9.942205371434095163e+29	1.547326402676393172e+03	1.500304650559119182e+02	1.707639929024602168e+02	4.492195168526090470e+02	3.169551367714001779e-09
1.047000000000000000e+03	9.944380952734040226e+31	9.942046889493553560e+29	1.547326402676393172e+03	1.500319489952078129e+02	1.707639929024602168e+02	4.492195168526090470e+02	3.170039244133949128e-09
1.096000000000000000e+03	9.944350528992755087e+31	9.941879187218142174e+29	1.547326402676393172e+03	1.500334976843822403e+02	1.707639929024602168e+02	4.492195168526090470e+02	3.170554786396668089e-09
1.148000000000000000e+03	9.944318226888386365e+31	9.941698458026569161e+29	1.547326402676393172e+03	1.500351427013501109e+02	1.707639929024602168e+02	4.492195168526090470e+02	3.171117651073122689e-09
1.202000000000000000e+03	9.944284666062214002e+31	9.941507769250256421e+29	1.547326402676393172e+03	1.500368523431324377e+02	1.707639929024602168e+02	4.492195168526090470e+02	3.171700783292621667e-09
1.258000000000000000e+03	9.944249845422187146e+31	9.941306777794057483e+29	1.547326402676393172e+03	1.500386264440628281e+02	1.707639929024602168e+02	4.492195168526090470e+02	3.172291450797819898e-09
1.318000000000000000e+03	9.944212519568515545e+31	9.941087777375240256e+29	1.547326402676393172e+03	1.500405281958695412e+02	1.707639929024602168e+02	4.492195168526090470e+02	3.172929464533160063e-09
1.380000000000000000e+03	9.944173930930447564e+31	9.940857515173140649e+29	1.547326402676393172e+03	1.500424939744029871e+02	1.707639929024602168e+02	4.492195168526090470e+02	3.173592269848144092e-09
1.445000000000000000e+03	9.944133455687341187e+31	9.940611783555521310e+29	1.547326402676393172e+03	1.500445551531695116e+02	1.707639929024602168e+02	4.492195168526090470e+02	3.174253115137884591e-09
1.513000000000000000e+03	9.944091092218096907e+31	9.940349982325512245e+29	1.547326402676393172e+03	1.500467113332978499e+02	1.712862719568636578e+02	4.492195168526090470e+02	3.174941986081001656e-09
1.584000000000000227e+03	9.944046838990685605e+31	9.940071486529345509e+29	1.547326402676393172e+03	1.500489620344226580e+02	1.712862719568636578e+02	4.492195168526090470e+02	3.175663086494964931e-09
1.659000000000000000e+03	9.944000070604957403e+31	9.939771591744545478e+29	1.548897756380787087e+03	1.500515399421609857e+02	1.712862719568636578e+02	4.492195168526090470e+02	3.176373568692854706e-09
1.737000000000000000e+03	9.943951408843284572e+31	9.939453502277371882e+29	1.548897756380787087e+03	1.500540151095958379e+02	1.712862719568636578e+02	4.492195168526090470e+02	3.177111231567081988e-09
1.819000000000000000e+03	9.943900228026827279e+31	9.939112300261202295e+29	1.548897756380787087e+03	1.500566143336234290e+02	1.712862719568636578e+02	4.492195168526090470e+02	3.177857057193252268e-09
1.905000000000000000e+03	9.943846526024889308e+31	9.938746985664083342e+29	1.548897756380787087e+03	1.500593365837590341e+02	1.712862719568636578e+02	4.492195168526090470e+02	3.178609120576811504e-09
1.995000000000000000e+03	9.943790300867421442e+31	9.938356519456500195e+29	1.548897756380787087e+03	1.500621806981992563e+02	1.712862719568636578e+02	4.492195168526090470e+02	3.179376155805360591e-09
2.089000000000000000e+03	9.943731550607531974e+31	9.937939811279831187e+29	1.548897756380787087e+03	1.500651453610177271e+02	1.712862719568636578e+02	4.492195168526090470e+02	3.180126895642864693e-09
2.187000000000000000e+03	9.943670273569136045e+31	9.937495742950006573e+29	1.548897756380787087e+03	1.500682291473199825e+02	1.712862719568636578e+02	4.492195168526090470e+02	3.180900822692679254e-09
2.290000000000000000e+03	9.943605842346547996e+31	9.937018450450732466e+29	1.548897756380787087e+03	1.500714618154537732e+02	1.712862719568636578e+02	4.492195168526090470e+02	3.181643442756313253e-09
2.398000000000000000e+03	9.943538254730038840e+31	9.936506406776271709e+29	1.548897756380787087e+03	1.500748413998446154e+02	1.712862719568636578e+02	4.492195168526090470e+02	3.182407129584147985e-09
2.511000000000000000e+03	9.943467508585853515e+31	9.935958006941179227e+29	1.548897756380787087e+03	1.500783657383261414e+02	1.712862719568636578e+02	4.492195168526090470e+02	3.183151585152492858e-09
2.630000000000000000e+03	9.943392975541233999e+31	9.935366555304007203e+29	1.548897756380787087e+03	1.500820635268619583e+02	1.712862719568636578e+02	4.492195168526090470e+02	3.183892814746157379e-09
2.754000000000000000e+03	9.943315279885697470e+31	9.934735107573615538e+29	1.548897756380787087e+03	1.500859010396396513e+02	1.712862719568636578e+02	4.500663670834063623e+02	3.184644301104972679e-09
2.884000000000000000e+03	9.943233793073138755e+31	9.934056558189353331e+29	1.548897756380787087e+03	1.500899063642019087e+02	1.712862719568636578e+02	4.500663670834063623e+02	3.185347058930922515e-09
3.019000000000000000e+03	9.943149140294699277e+31	9.933334054029133011e+29	1.548897756380787087e+03	1.500940457362065104e+02	1.712862719568636578e+02	4.500663670834063623e+02	3.186053612827663909e-09
3.162000000000000000e+03	9.943059438258224557e+31	9.932548962389956302e+29	1.548897756380787087e+03	1.500984075557366282e+02	1.712862719568636578e+02	4.500663670834063623e+02	3.186753906220472223e-09
3.311000000000000455e+03	9.942965939289289871e+31	9.931709363715056304e+29	1.548897756380787087e+03	1.501029268316473804e+02	1.712862719568636578e+02	4.500663670834063623e+02	3.187419615903883191e-09
3.467000000000000000e+03	9.942868014266240825e+31	9.930806821262587238e+29	1.548897756380787087e+03	1.501076300328988964e+02	1.712862719568636578e+02	4.500663670834063623e+02	3.188062773456526375e-09
3.630000000000000000e+03	9.942765661552287369e+31	9.929838195499745898e+29	1.548897756380787087e+03	1.501125129247572545e+02	1.712862719568636578e+02	4.500663670834063623e+02	3.188691412155386954e-09
3.801000000000000455e+03	9.942658251563469796e+31	9.928794033674092537e+29	1.548897756380787087e+03	1.501176008428177795e+02	1.712862719568636578e+02	4.500663670834063623e+02	3.189299734525874855e-09
3.981000000000000000e+03	9.942545154240365374e+31	9.927664066688848346e+29	1.548897756380787087e+03	1.501229182243840796e+02	1.712862719568636578e+02	4.500663670834063623e+02	3.189879642526808676e-09
4.168000000000000000e+03	9.942427624937715526e+31	9.926456787816132341e+29	1.548897756380787087e+03	1.501284009592795314e+02	1.712862719568636578e+02	4.500663670834063623e+02	3.190442425907440649e-09
4.365000000000000000e+03	9.942303776909992966e+31	9.925148320754876083e+29	1.548897756380787087e+03	1.501341316147573934e+02	1.712862719568636578e+02	4.500663670834063623e+02	3.190951004188761906e-09
4.570000000000000000e+03	9.942174866387011945e+31	9.923747003597959605e+29	1.548897756380787087e+03	1.501400463414647675e+02	1.712862719568636578e+02	4.500663670834063623e+02	3.191442162513047492e-09
4.786000000000000000e+03	9.942039005890513121e+31	9.922226878974404692e+29	1.548897756380787087e+03	1.501462257133863716e+02	1.712862719568636578e+02	4.500663670834063623e+02	3.191876462476579470e-09
5.011000000000000000e+03	9.941897452602409535e+31	9.920596074739625731e+29	1.548897756380787087e+03	1.501526062978082336e+02	1.712862719568636578e+02	4.500663670834063623e+02	3.192287080810731056e-09
5.248000000000000000e+03	9.941748318607050447e+31	9.918826340839458804e+29	1.548897756380787087e+03	1.501592667197104731e+02	1.712862719568636578e+02	4.500663670834063623e+02	3.192666596340928148e-09
5.494999999999999091e+03	9.941592862106383591e+31	9.916925540855689775e+29	1.548897756380787087e+03	1.501661441420831693e+02	1.712862719568636578e+02	4.500663670834063623e+02	3.193010483259484511e-09
5.753999999999999091e+03	9.941429824471202936e+31	9.914870951811615872e+29	1.548897756380787087e+03	1.501732878633266921e+02	1.712862719568636578e+02	4.500663670834063623e+02	3.193298213335142406e-09
6.025000000000000000e+03	9.941259205947405021e+31	9.912654271901988619e+29	1.548897756380787087e+03	1.501806910060510916e+02	1.712862719568636578e+02	4.500663670834063623e+02	3.193535301685291853e-09
6.309000000000000909e+03	9.941080377592812904e+31	9.910258362825032299e+29	1.548897756380787087e+03	1.501883739639992257e+02	1.712862719568636578e+02	4.500663670834063623e+02	3.193776471256695282e-09
6.606000000000000000e+03	9.940893340316305232e+31	9.907673558908769205e+29	1.548897756380787087e+03	1.501963297572165743e+02	1.718093484834449498e+02	4.500663670834063623e+02	3.193902793773069927e-09
6.918000000000000000e+03	9.940696835836487171e+31	9.904871674158159114e+29	1.548897756380787087e+03	1.502046046435544326e+02	1.718093484834449498e+02	4.500663670834063623e+02	3.194037031670230757e-09
7.244000000000000000e+03	9.940491495603222805e+31	9.901850132066743141e+29	1.548897756380787087e+03	1.502131648095530068e+02	1.718093484834449498e+02	4.500663670834063623e+02	3.194103859963727088e-09
7.585000000000000000e+03	9.940276691807736292e+31	9.898587763509148540e+29	1.548897756380787087e+03	1.502220297204984547e+02	1.718093484834449498e+02	4.500663670834063623e+02	3.194120430843211146e-09
7.943000000000000000e+03	9.940051166949800170e+31	9.895051828669905781e+29	1.550469907557358511e+03	1.502315307745568305e+02	1.718093484834449498e+02	4.500663670834063623e+02	3.194107122142426983e-09
8.317000000000000000e+03	9.939815553715231991e+31	9.891237750702844562e+29	1.550469907557358511e+03	1.502410592214464202e+02	1.718093484834449498e+02	4.509140147863815855e+02	3.194065986428558822e-09
8.709000000000000000e+03	9.939568595184676772e+31	9.887109806133401672e+29	1.550469907557358511e+03	1.502509475357239808e+02	1.718093484834449498e+02	4.509140147863815855e+02	3.193963849956885680e-09
9.120000000000000000e+03	9.939309664636354682e+31	9.882640249217718495e+29	1.550469907557358511e+03	1.502612132694647755e+02	1.718093484834449498e+02	4.509140147863815855e+02	3.193813530546952050e-09
9.549000000000000000e+03	9.939039395583007218e+31	9.877822359252041876e+29	1.550469907557358511e+03	1.502718243557190476e+02	1.723332224822041496e+02	4.509140147863815855e+02	3.193639898624909958e-09
1.000000000000000000e+04	9.938755271695048308e+31	9.872591637105161960e+29	1.550469907557358511e+03	1.502828721502868632e+02	1.723332224822041496e+02	4.509140147863815855e+02	3.193458185095977697e-09
1.047100000000000000e+04	9.938458556586543671e+31	9.866950239533972983e+29	1.550469907557358511e+03	1.502942999463247986e+02	1.723332224822041496e+02	4.509140147863815855e+02	3.193239434104314867e-09
1.096400000000000000e+04	9.938147993720149855e+31	9.860852855360807977e+29	1.550469907557358511e+03	1.503061491607353446e+02	1.723332224822041496e+02	4.509140147863815855e+02	3.192955290695422748e-09
1.148099999999999818e+04	9.937822326363771551e+31	9.854250798264925102e+29	1.550469907557358511e+03	1.503184599974010212e+02	1.723332224822041496e+02	4.509140147863815855e+02	3.192702340711937839e-09
1.202200000000000182e+04	9.937481557178776729e+31	9.847118679617357936e+29	1.550469907557358511e+03	1.503312245171449035e+02	1.723332224822041496e+02	4.509140147863815855e+02	3.192478615577834311e-09
1.258900000000000000e+04	9.937124428173047572e+31	9.839403348682609056e+29	1.550469907557358511e+03	1.503444819114640723e+02	1.728578939531411436e+02	4.517624599615344891e+02	3.192197939184555554e-09
1.318200000000000000e+04	9.936750939945647497e+31	9.831076731004322702e+29	1.550469907557358511e+03	1.503582241646004718e+02	1.728578939531411436e+02	4.517624599615344891e+02	3.191932284284522584e-09
1.380299999999999818e+04	9.936359831979593015e+31	9.822081468777231323e+29	1.550469907557358511e+03	1.503724895852984389e+02	1.728578939531411436e+02	4.517624599615344891e+02	3.191738643414563232e-09
1.445400000000000000e+04	9.935949841881420008e+31	9.812356887087141502e+29	1.550469907557358511e+03	1.503873154452112999e+02	1.733833628962561022e+02	4.517624599615344891e+02	3.191487586063882071e-09
1.513500000000000000e+04	9.935520964303721814e+31	9.801870373249903832e+29	1.550469907557358511e+03	1.504026931375003642e+02	1.733833628962561022e+02	4.517624599615344891e+02	3.191359075157413447e-09
1.584800000000000000e+04	9.935071931319097560e+31	9.790557797455974549e+29	1.550469907557358511e+03	1.504186592363470538e+02	1.733833628962561022e+02	4.526117026088654711e+02	3.191275943827348021e-09
1.659500000000000000e+04	9.934601471091511892e+31	9.778352254386652245e+29	1.552042856206108127e+03	1.504354889684470891e+02	1.739096293115489402e+02	4.526117026088654711e+02	3.191312402191309136e-09
1.737800000000000000e+04	9.934108307033354425e+31	9.765184323188992399e+29	1.552042856206108127e+03	1.504527352639507285e+02	1.739096293115489402e+02	4.526117026088654711e+02	3.191416898372256177e-09
1.819700000000000000e+04	9.933592416572778382e+31	9.751017514103181669e+29	1.552042856206108127e+03	1.504706315703552661e+02	1.739096293115489402e+02	4.534617427283741335e+02	3.191644991608700495e-09
1.905400000000000000e+04	9.933052510946499031e+31	9.735781451242676782e+29	1.552042856206108127e+03	1.504892127021161059e+02	1.744366931990195440e+02	4.534617427283741335e+02	3.192007254070551219e-09
1.995200000000000000e+04	9.932486663407948744e+31	9.719386091424492329e+29	1.552042856206108127e+03	1.505085344631038993e+02	1.744366931990195440e+02	4.534617427283741335e+02	3.192590378058103010e-09
2.089200000000000000e+04	9.931894198289688310e+31	9.701776848058375566e+29	1.552042856206108127e+03	1.505286091287016461e+02	1.749645545586681123e+02	4.543125803200608175e+02	3.193330491460869706e-09
2.187700000000000000e+04	9.931273169129298857e+31	9.682862294574941464e+29	1.552042856206108127e+03	1.505494917221697619e+02	1.754932133904945601e+02	4.543125803200608175e+02	3.194288471473609592e-09
2.290800000000000000e+04	9.930622878802810846e+31	9.662589856552441781e+29	1.552042856206108127e+03	1.505711947258454018e+02	1.754932133904945601e+02	4.543125803200608175e+02	3.195444395504748624e-09
2.398800000000000000e+04	9.929941356311196637e+31	9.640869913028262807e+29	1.552042856206108127e+03	1.505937730918647048e+02	1.760226696944987737e+02	4.551642153839254092e+02	3.196813313252131206e-09
2.511800000000000000e+04	9.929227878916465571e+31	9.617655367765961842e+29	1.552042856206108127e+03	1.506172402341375687e+02	1.765529234706809518e+02	4.551642153839254092e+02	3.198521222961722551e-09
2.630200000000000000e+04	9.928479815155923038e+31	9.592841086549290673e+29	1.553616602327035707e+03	1.506418847645939536e+02	1.765529234706809518e+02	4.560166479199676814e+02	3.200481698903020182e-09
2.754200000000000000e+04	9.927695779970585488e+31	9.566366728186692208e+29	1.553616602327035707e+03	1.506673155902688563e+02	1.770839747190409526e+02	4.560166479199676814e+02	3.202740145992644208e-09
2.884000000000000000e+04	9.926874372995807696e+31	9.538178069540918009e+29	1.553616602327035707e+03	1.506937832564126154e+02	1.776158234395788611e+02	4.568698779281880320e+02	3.205370428682221170e-09
3.019900000000000000e+04	9.926013545261069736e+31	9.508205863864468272e+29	1.553616602327035707e+03	1.507213456546490420e+02	1.781484696322946490e+02	4.568698779281880320e+02	3.208278546208016676e-09
3.162200000000000000e+04	9.925111231029033135e+31	9.476387918222413156e+29	1.553616602327035707e+03	1.507500617934929039e+02	1.786819132971882311e+02	4.577239054085860630e+02	3.211429011815364775e-09
3.311300000000000000e+04	9.924164713659047230e+31	9.442647593252858759e+29	1.553616602327035707e+03	1.507800120766863472e+02	1.792161544342597779e+02	4.585787303611621155e+02	3.214894993972727158e-09
3.467300000000000000e+04	9.923173167382701831e+31	9.406985718120231582e+29	1.553616602327035707e+03	1.508112182007114370e+02	1.797511930435092040e+02	4.594343527859160190e+02	3.218623807237967018e-09
3.630700000000000000e+04	9.922133213900814875e+31	9.369322603061996191e+29	1.555191145920141253e+03	1.508439882337937092e+02	1.802870291249363959e+02	4.594343527859160190e+02	3.222688269341241333e-09
3.801800000000000000e+04	9.921042735072135602e+31	9.329634927306761862e+29	1.555191145920141253e+03	1.508779781952665644e+02	1.808236626785415524e+02	4.602907726828478303e+02	3.226887956191679713e-09
3.981000000000000000e+04	9.919898968735790044e+31	9.287887902060916405e+29	1.555191145920141253e+03	1.509134793566607300e+02	1.818993222022853899e+02	4.611479900519573789e+02	3.231324116278648132e-09
4.168600000000000000e+04	9.918699787602115118e+31	9.244081965486732589e+29	1.555191145920141253e+03	1.509505599812506489e+02	1.824383481724241847e+02	4.620060048932448922e+02	3.235998525384434607e-09
4.365100000000000000e+04	9.917441786221645141e+31	9.198182953736735380e+29	1.555191145920141253e+03	1.509893292514378231e+02	1.835187925292352418e+02	4.628648172067101427e+02	3.240673261718350039e-09
4.570800000000000000e+04	9.916122842051721808e+31	9.150215361265056919e+29	1.556766486985424535e+03	1.510300638993709299e+02	1.840602109159076463e+02	4.637244269923534716e+02	3.245352248990166803e-09
4.786300000000000000e+04	9.914738916462004592e+31	9.100145433991998756e+29	1.556766486985424535e+03	1.510724844719367468e+02	1.851454401057859513e+02	4.645848342501745947e+02	3.250096102954389060e-09
5.011800000000000000e+04	9.913288549781065274e+31	9.048043480130554665e+29	1.556766486985424535e+03	1.511168487683846422e+02	1.856892509089919656e+02	4.654460389801735118e+02	3.254754132266522181e-09
5.248000000000000000e+04	9.911767082804800471e+31	8.993874425259750742e+29	1.556766486985424535e+03	1.511633086100769958e+02	1.867792649319374902e+02	4.663080411823503937e+02	3.259346935370891672e-09
5.495400000000000000e+04	9.910171155286633369e+31	8.937659845555873694e+29	1.558342625522885101e+03	1.512121869655431396e+02	1.878724688435945325e+02	4.671708408567050128e+02	3.263870213450843376e-09
5.754300000000000000e+04	9.908498718441911200e+31	8.879475135186267578e+29	1.558342625522885101e+03	1.512631383328131278e+02	1.889688626439630923e+02	4.688988326219482019e+02	3.268090332800961409e-09
6.025500000000000000e+04	9.906744514852453530e+31	8.819291195115567712e+29	1.558342625522885101e+03	1.513165427836790684e+02	1.900684463330431413e+02	4.697640247128366013e+02	3.272097076038177223e-09
6.309500000000000000e+04	9.904905244280437211e+31	8.757154600374499868e+29	1.558342625522885101e+03	1.513725123876808141e+02	1.911712199108346226e+02	4.706300142759026812e+02	3.275936082479045482e-09
6.606900000000000000e+04	9.902976982612653122e+31	8.693096573147442960e+29	1.559919561532524312e+03	1.514313960438715299e+02	1.922771833773375931e+02	4.723643858185686781e+02	3.279439056394688580e-09
6.918300000000000000e+04	9.900955828859692886e+31	8.627154723982772255e+29	1.559919561532524312e+03	1.514928949796352811e+02	1.933863367325521097e+02	4.732327677981685383e+02	3.282609244707119279e-09
7.244300000000000000e+04	9.898837906513580590e+31	8.559372175783532032e+29	1.559919561532524312e+03	1.515573537392686774e+02	1.944986799764780869e+02	4.749719241739017548e+02	3.285527385035973009e-09
7.585700000000000000e+04	9.896618063649446068e+31	8.489756368786781848e+29	1.561497295014341262e+03	1.516251649311340373e+02	1.956142131091155250e+02	4.758426985700352816e+02	3.288140640252583465e-09
7.943200000000000000e+04	9.894291821946058610e+31	8.418341822807245810e+29	1.561497295014341262e+03	1.516960337367248997e+02	1.972934938494057917e+02	4.775866397788357176e+02	3.290357267886313898e-09
8.317600000000000000e+04	9.891854078055991321e+31	8.345148818003161812e+29	1.561497295014341262e+03	1.517703490969385314e+02	1.984170017038219385e+02	4.784598065915028542e+02	3.292211543364055852e-09
8.709600000000000000e+04	9.889300406667854486e+31	8.270222770437570001e+29	1.563075825968335948e+03	1.518484889325700067e+02	2.001082445267802541e+02	4.802085326333705098e+02	3.293756113771635312e-09
9.120099999999998545e+04	9.886625108174277649e+31	8.193576145768889254e+29	1.563075825968335948e+03	1.519301841822170047e+02	2.012397271029751380e+02	4.819604485639496829e+02	3.295007462254569304e-09
9.549900000000000000e+04	9.883823164242828119e+31	8.115246413110220166e+29	1.564655154394508827e+03	1.520160643376181895e+02	2.029429320086015309e+02	4.837155543832404874e+02	3.295820202840905864e-09
1.000000000000000000e+05	9.880888284532573397e+31	8.035240685080314081e+29	1.564655154394508827e+03	1.521058732817429870e+02	2.046533141638287816e+02	4.854738500912426389e+02	3.296403513860487935e-09
1.047120000000000000e+05	9.877815517124477347e+31	7.953608120267514929e+29	1.566235280292859215e+03	1.522002533620647000e+02	2.063708735686568616e+02	4.872353356879562511e+02	3.296532417245477409e-09
1.096470000000000000e+05	9.874597339039910678e+31	7.870334998562522639e+29	1.566235280292859215e+03	1.522989905602570673e+02	2.080956102230857994e+02	4.890000111733815515e+02	3.296420260816931014e-09
1.148150000000000000e+05	9.871227599601340554e+31	7.785445820286432434e+29	1.567816203663387114e+03	1.524028103587096723e+02	2.098275241271155949e+02	4.907678765475181422e+02	3.295855358945652678e-09
1.202260000000000000e+05	9.867700629022240862e+31	7.698868856630552068e+29	1.567816203663387114e+03	1.525115056544877632e+02	2.115666152807462197e+02	4.925389318103662504e+02	3.293919011592199915e-09
1.258920000000000000e+05	9.864010891221820920e+31	7.609968370853278272e+29	1.569397924506093432e+03	1.526256516206870231e+02	2.133128836839777023e+02	4.943131769619258193e+02	3.290130238543207478e-09
1.318250000000000000e+05	9.860151509205851053e+31	7.517919348693352140e+29	1.570980442820977714e+03	1.527447644767689781e+02	2.150663293368100426e+02	4.960906120021969059e+02	3.287909388103493277e-09
1.380380000000000000e+05	9.856110855367587689e+31	7.423428930891513921e+29	1.570980442820977714e+03	1.528689044123678968e+02	2.174154214844099329e+02	4.978712369311796238e+02	3.288298191524110377e-09
1.445430000000000000e+05	9.851879335626542724e+31	7.327995349976998037e+29	1.572563758608039734e+03	1.529992638367207007e+02	2.191856140529775701e+02	5.005481553659873839e+02	3.288629543469139307e-09
1.513560000000000000e+05	9.847447756428117121e+31	7.232265913781322857e+29	1.574147871867279719e+03	1.531361034314001870e+02	2.215570354215579982e+02	5.023367550167488389e+02	3.287691524915254847e-09
1.584890000000000000e+05	9.842810129265826567e+31	7.136320283200339282e+29	1.574147871867279719e+03	1.532793893128708476e+02	2.233439749058609038e+02	5.050256355342248753e+02	3.285735106379950963e-09
1.659580000000000000e+05	9.837957543260189583e+31	7.040041959392035439e+29	1.575732782598696758e+03	1.534299292703813933e+02	2.257377254954216710e+02	5.068222099067648401e+02	3.283083121037378829e-09
1.737800000000000000e+05	9.832880231255527099e+31	6.943323054933279777e+29	1.577318490802292445e+03	1.535877810543902058e+02	2.281442356398284517e+02	5.095230525069089822e+02	3.279894736502249775e-09
1.819700000000000000e+05	9.827569710899467456e+31	6.846099466407930444e+29	1.578904996478066096e+03	1.537532302459885614e+02	2.305635053390811038e+02	5.113276016012276841e+02	3.276170777608924869e-09
1.905460000000000000e+05	9.822015565738356304e+31	6.748295093223370506e+29	1.580492299626017484e+03	1.539266279341333643e+02	2.323863310713882697e+02	5.140404062840398183e+02	3.272090645401062964e-09
1.995259999999999709e+05	9.816207452221435564e+31	6.649861654677663998e+29	1.582080400246146837e+03	1.541083321510625694e+02	2.348279299916214313e+02	5.167603882164529523e+02	3.267648322824685663e-09
2.089290000000000291e+05	9.810134497259104092e+31	6.550753205680366672e+29	1.583669298338453927e+03	1.542987223268981154e+02	2.372822884667004075e+02	5.185776968656177814e+02	3.262747087434559912e-09
2.187760000000000000e+05	9.803784665646932121e+31	6.450916507802103083e+29	1.585258993902938300e+03	1.544982189011067248e+02	2.403681796845513077e+02	5.213096408806986801e+02	3.257527421370137938e-09
2.290860000000000000e+05	9.797147341837763276e+31	6.350338528272647112e+29	1.586849486939601320e+03	1.547072034741893276e+02	2.428512471580338001e+02	5.240487621453805787e+02	3.251932183697577730e-09
2.398830000000000000e+05	9.790208861465891288e+31	6.248973435134760234e+29	1.588440777448442077e+03	1.549261614324453262e+02	2.453470741863621356e+02	5.267950606596634771e+02	3.245978726970459611e-09
2.511880000000000291e+05	9.782957677255821370e+31	6.146815715149545132e+29	1.590032865429460799e+03	1.551555172342484639e+02	2.478556607695365130e+02	5.295485364235471479e+02	3.239663194440185485e-09
2.630260000000000000e+05	9.775379875137977084e+31	6.043836742487340425e+29	1.591625750882657258e+03	1.553957775024957186e+02	2.510093371225065368e+02	5.323091894370315913e+02	3.232976284657141527e-09
2.754220000000000000e+05	9.767461764132053701e+31	5.940023516493878473e+29	1.593219433808030999e+03	1.556474499483747707e+02	2.535466327040843169e+02	5.350770197001169208e+02	3.225950002802403968e-09
2.884030000000000000e+05	9.759188630203636813e+31	5.835358107971563058e+29	1.596409192075313513e+03	1.559113914694094376e+02	2.567361953050585726e+02	5.378520272128031365e+02	3.218476460388391680e-09
3.019950000000000000e+05	9.750546670270414043e+31	5.729838419179677845e+29	1.598005267417221376e+03	1.561875237738312592e+02	2.599456947104795859e+02	5.406342119750900110e+02	3.210633721681947009e-09
3.162270000000000000e+05	9.741520477712775987e+31	5.623441928021979206e+29	1.601199810517570540e+03	1.564770591904600963e+02	2.631751309203474420e+02	5.434235739869779991e+02	3.202375149619923292e-09
3.311310000000000000e+05	9.732093113997655968e+31	5.516107337534167157e+29	1.602798278276012070e+03	1.567800328102822789e+02	2.664245039346621979e+02	5.471538879466520484e+02	3.193657133297533330e-09
3.467360000000000582e+05	9.722249983005331581e+31	5.407739959540266570e+29	1.605997606209429023e+03	1.570976719528279091e+02	2.696938137534236262e+02	5.499599968742752480e+02	3.184458901970525003e-09
3.630779999999999418e+05	9.711972641917412427e+31	5.298051864250584862e+29	1.607598466384404219e+03	1.574300473674984744e+02	2.729830603766318973e+02	5.527732830514992202e+02	3.174704793279997201e-09
3.801890000000000000e+05	9.701245478651497448e+31	5.186700635386928392e+29	1.610802579150887823e+03	1.577783518895243731e+02	2.769564729063515642e+02	5.565354958982881044e+02	3.164568874244532654e-09
3.981070000000000000e+05	9.690048484087376315e+31	5.073839238325669253e+29	1.614009881806083285e+03	1.581429121655377799e+02	2.802895804993427760e+02	5.593655289912474018e+02	3.154394597358088645e-09
4.168690000000000000e+05	9.678361581138143427e+31	4.960764391003724166e+29	1.617220374349990379e+03	1.585245151245275110e+02	2.843156261928020285e+02	5.631500710590167955e+02	3.144268133445706541e-09
4.365150000000000000e+05	9.666163839689471667e+31	4.849328574733578057e+29	1.620434056782608423e+03	1.589242112902565793e+02	2.883703808846644847e+02	5.659968510677114182e+02	3.133756135789622053e-09
4.570880000000000000e+05	9.653435229034866268e+31	4.740470501152739238e+29	1.623650929103938324e+03	1.593431235993271571e+02	2.917712736127749054e+02	5.698037223564610940e+02	3.122217657196136398e-09
4.786300000000000000e+05	9.640158792689323366e+31	4.633399213394968983e+29	1.626870991313979857e+03	1.597821451426385977e+02	2.958786614683770040e+02	5.726672492808910420e+02	3.109527139593925655e-09
5.011870000000000000e+05	9.626315494653675916e+31	4.526325842076621030e+29	1.630094243412732339e+03	1.602420341438234743e+02	3.000147583223825336e+02	5.755379534549218761e+02	3.095995542327146555e-09
5.248070000000000000e+05	9.611883966922235142e+31	4.417987004605872519e+29	1.634935102602195911e+03	1.607239324848541173e+02	3.041795641747914942e+02	5.793767236307866142e+02	3.082129623816610879e-09
5.495400000000000000e+05	9.596841144100502812e+31	4.308273090148825916e+29	1.638166329422727131e+03	1.612280918704255441e+02	3.083730790256038290e+02	5.822641747205525462e+02	3.067917632746543498e-09
5.754390000000000000e+05	9.581163074873566339e+31	4.197637100079168722e+29	1.643019150694858581e+03	1.617563617000948000e+02	3.125953028748194242e+02	5.851588030599197054e+02	3.053249159131315971e-09
6.025590000000000000e+05	9.564826139654201930e+31	4.086451715922112399e+29	1.646258352237168538e+03	1.623091746407318112e+02	3.168462357224385073e+02	5.890294721228990511e+02	3.037971174695399391e-09
6.309570000000000000e+05	9.547806725072444705e+31	3.974942456401498497e+29	1.651123135591968321e+03	1.628884318821241948e+02	3.218419423620873658e+02	5.919408473780013082e+02	3.022124425188796600e-09
6.606930000000000000e+05	9.530080454499680663e+31	3.863394081481743587e+29	1.655995096196368195e+03	1.634950242120456778e+02	3.261550780395804736e+02	5.948593998827044516e+02	3.005633509430157151e-09
6.918300000000000000e+05	9.511622658454109744e+31	3.751875795428801352e+29	1.660874234050369751e+03	1.641302257336284924e+02	3.312233546474155332e+02	5.977851296370084810e+02	2.988496756385195298e-09
7.244350000000000000e+05	9.492407366567174930e+31	3.640484429142658265e+29	1.665760549153971397e+03	1.647954204030597793e+02	3.363307073919663139e+02	6.007180366409132830e+02	2.970639118818662628e-09
7.585770000000001164e+05	9.472408914910622150e+31	3.529263551015476386e+29	1.672286800569263960e+03	1.654923938676716091e+02	3.407395397308040401e+02	6.026772953377391104e+02	2.952191620999508904e-09
7.943280000000000000e+05	9.451601252813155188e+31	3.418322232912390041e+29	1.677189862588601500e+03	1.662218454325079904e+02	3.459194624435413061e+02	6.056221644243120181e+02	2.932929650065246782e-09
8.317630000000000000e+05	9.429958196557840398e+31	3.307708786673785971e+29	1.683738443224874572e+03	1.669860862402596524e+02	3.511384612929941227e+02	6.075893978429165827e+02	2.913091133127213987e-09
8.709630000000000000e+05	9.407451801576948721e+31	3.197522784947896676e+29	1.690299783415993488e+03	1.677863946159488933e+02	3.563965362791626603e+02	6.095598211502326649e+02	2.892408323569966255e-09
9.120100000000000000e+05	9.384055331465030430e+31	3.087820141237265394e+29	1.696873883161959156e+03	1.686244212389268284e+02	3.616936874020470896e+02	6.105462290121575961e+02	2.871114524936683273e-09
9.549920000000000000e+05	9.359740651429629255e+31	2.978702212541822547e+29	1.703460742462769986e+03	1.695019891733042812e+02	3.662652040651706784e+02	6.115334343462603783e+02	2.848946936388652475e-09
1.000000000000000000e+06	9.334479962089770893e+31	2.870217387175805802e+29	1.710060361318426885e+03	1.704209289166628594e+02	3.716349251562413087e+02	6.125214371525408978e+02	2.826161221742271236e-09
1.047128000000000000e+06	9.308246048494914931e+31	2.762486107339808768e+29	1.718327828012000282e+03	1.713836287427952527e+02	3.770437223840277738e+02	6.135102374309993820e+02	2.802472572419493587e-09
1.096478000000000000e+06	9.281009664368747686e+31	2.655528088683917240e+29	1.726615231510020294e+03	1.723917090906526539e+02	3.817109357084958674e+02	6.125214371525408978e+02	2.778127517334790479e-09
1.148153000000000000e+06	9.252743460196405465e+31	2.549486506225613344e+29	1.734922571812487831e+03	1.734473169444621021e+02	3.864068580313674488e+02	6.125214371525408978e+02	2.752914513667493625e-09
1.202264000000000000e+06	9.223418660741299398e+31	2.444363416302606926e+29	1.743249848919401529e+03	1.745526843067166567e+02	3.903420571186518941e+02	6.115334343462603783e+02	2.726942091692617604e-09
1.258925000000000000e+06	9.193007472232499164e+31	2.340292558974850670e+29	1.751597062830762070e+03	1.757101675950681567e+02	3.950906126052630611e+02	6.095598211502326649e+02	2.700180618800742326e-09
1.318256000000000000e+06	9.161482272343668705e+31	2.237316061912135581e+29	1.761640036106264461e+03	1.769226697619531592e+02	3.982722657065613134e+02	6.075893978429165827e+02	2.672541174965817091e-09
1.380383999999999767e+06	9.128814855442073490e+31	2.135474086798351052e+29	1.770031110987408056e+03	1.781918623076117854e+02	4.022672752071861169e+02	6.046397439232764555e+02	2.644200100631095442e-09
1.445438999999999767e+06	9.094978913167964032e+31	2.034883885787889845e+29	1.780126717426649975e+03	1.795213428506379501e+02	4.046738505736955176e+02	6.016972672532372144e+02	2.614989197666787814e-09
1.513561000000000000e+06	9.059946780369641311e+31	1.935565428309882175e+29	1.791941209923191764e+03	1.809139693143860370e+02	4.062822215122577632e+02	5.977851296370084810e+02	2.584937355944260453e-09
1.584893000000000000e+06	9.023693121555957955e+31	1.837550483584944100e+29	1.802099019192307878e+03	1.823717263115650269e+02	4.078937823395314695e+02	5.929129007407243535e+02	2.554158133730028223e-09
1.659586000000000000e+06	8.986192585476217733e+31	1.740931648779042164e+29	1.813986081657036493e+03	1.838986490202677260e+02	4.078937823395314695e+02	5.880606086488872961e+02	2.522526202029031446e-09
1.737800000000000000e+06	8.947419867166397326e+31	1.645719939065517950e+29	1.825912220258480829e+03	1.854975358884843786e+02	4.062822215122577632e+02	5.822641747205525462e+02	2.490089199296098027e-09
1.819700000000000000e+06	8.907351766363089571e+31	1.551937676965571442e+29	1.839589941276517720e+03	1.871722206317996324e+02	4.030686695238446191e+02	5.755379534549218761e+02	2.456859523805032953e-09
1.905460000000000000e+06	8.865965570868785762e+31	1.459595053314566686e+29	1.853318700513938893e+03	1.889257935915734947e+02	3.982722657065613134e+02	5.669473726816320323e+02	2.422826306027256141e-09
1.995262000000000000e+06	8.823239859401679904e+31	1.368685262596279065e+29	1.867098497970743210e+03	1.907619656102516501e+02	3.911314893526424612e+02	5.584213871547498229e+02	2.388032760771842193e-09
2.089296000000000000e+06	8.779154783457486617e+31	1.279191762237593076e+29	1.880929333646932037e+03	1.926846218455059727e+02	3.809310731406399100e+02	5.480884601170153019e+02	2.352490712332026945e-09
2.187761000000000000e+06	8.733691960229433459e+31	1.191059002097879033e+29	1.896550030404251174e+03	1.946982908405317403e+02	3.670299146616471830e+02	5.369262272363964712e+02	2.316216507431431374e-09
2.290867000000000000e+06	8.686833921966362461e+31	1.104171304294768331e+29	1.912235322407978401e+03	1.968067945287391751e+02	3.481513914030966248e+02	5.240487621453805787e+02	2.279211371418353913e-09
2.398832000000000000e+06	8.638565757729985716e+31	1.018359639356625431e+29	1.927985209658112808e+03	1.990146003507685748e+02	3.239949215760333914e+02	5.095230525069089822e+02	2.241491589372584882e-09
2.511886000000000000e+06	8.588873709144509172e+31	9.333384100502319555e+28	1.945560844237382071e+03	2.013268830281892861e+02	3.000147583223825336e+02	4.960906120021969059e+02	2.203084715590985620e-09
2.630267000000000000e+06	8.537747395974914834e+31	8.485407807670245124e+28	1.963216226034438705e+03	2.037480569187806054e+02	2.769564729063515642e+02	4.916530054428532139e+02	2.164017416371998058e-09
2.754228000000000000e+06	8.485177073412356161e+31	7.630188804817359362e+28	1.980951355049282483e+03	2.062833184670538174e+02	2.573765002417870846e+02	4.925389318103662504e+02	2.124317767101173826e-09
2.884031000000000000e+06	8.431156209488886939e+31	6.757581941278654352e+28	2.000552105002155031e+03	2.089384284304765629e+02	2.434740077068490791e+02	4.996550517488736318e+02	2.084048123427687520e-09
3.019951000000000000e+06	8.375678524492040970e+31	5.880775133734333696e+28	2.022044792474925998e+03	2.117188702173220634e+02	2.378978717659148856e+02	5.113276016012276841e+02	2.043335038519245714e-09
3.162277000000000000e+06	8.318738106571359003e+31	5.062314393356973122e+28	2.041847302888800186e+03	2.146298027801945523e+02	2.391314307808773663e+02	5.267950606596634771e+02	2.002183478093641096e-09
3.311311000000000000e+06	8.260334643793607519e+31	4.363896429765050849e+28	2.065374675401308650e+03	2.176792335062269501e+02	2.447219212210133037e+02	5.434235739869779991e+02	1.960487993019273404e-09
3.467368000000000000e+06	8.200473769610967993e+31	3.799360225750104283e+28	2.087211870854920107e+03	2.208723989824459011e+02	2.516424648096341912e+02	5.603104682999229453e+02	1.918301401540992725e-09
3.630780000000000000e+06	8.139162921445614936e+31	3.350304787934688169e+28	2.110998421825236619e+03	2.242170307509236409e+02	2.599456947104795859e+02	5.764964497906213410e+02	1.875654659430795005e-09
3.801893000000000000e+06	8.076411963841870602e+31	2.989789746830495804e+28	2.136765429727195624e+03	2.277201166964374579e+02	2.677298354456330003e+02	5.909695914874560003e+02	1.832672856827511469e-09
3.981071000000000000e+06	8.012232297771824606e+31	2.695243308376120312e+28	2.162688742176017058e+03	2.313885989058443613e+02	2.756288121744000819e+02	6.046397439232764555e+02	1.789387194296112701e-09
4.168693000000000000e+06	7.946638843218598890e+31	2.450130836088299859e+28	2.190637169998441550e+03	2.352306619201974627e+02	2.829704210729373699e+02	6.174734132666120558e+02	1.745874809195813574e-09
4.365158000000000000e+06	7.879648852012452035e+31	2.242759682151660289e+28	2.218765029060887628e+03	2.392540175049836080e+02	2.910895001227970624e+02	6.304418554080077683e+02	1.702167153364211636e-09
4.570881000000000000e+06	7.811283652014743243e+31	2.064796246005494293e+28	2.247072319363354381e+03	2.434671761437027726e+02	2.986328694823358774e+02	6.415204189320525074e+02	1.658322794508998885e-09
4.786300000000000000e+06	7.741566605903726964e+31	1.910214825176681949e+28	2.277464535452764721e+03	2.478795669048556647e+02	3.062727329753972185e+02	6.537161757551932624e+02	1.614392023111928891e-09
5.011872000000000000e+06	7.670524772690241263e+31	1.774516122761570636e+28	2.309979955993656404e+03	2.525005554393310376e+02	3.133017980023112727e+02	6.639670283807096212e+02	1.570429751729224842e-09
5.248074000000000000e+06	7.598188788238721109e+31	1.654329351755307400e+28	2.342725845993953044e+03	2.573395019437368774e+02	3.211258775684610214e+02	6.753350743053218821e+02	1.526491364443668667e-09
5.495408000000000000e+06	7.524591588078659189e+31	1.547023462479750810e+28	2.377649168553826257e+03	2.624071302318845369e+02	3.290464512681332394e+02	6.857533960881916073e+02	1.482632760337780825e-09
5.754398999999999069e+06	7.449769316895240309e+31	1.450581997077264349e+28	2.414792987170880224e+03	2.677142037346790175e+02	3.363307073919663139e+02	6.962514650888482493e+02	1.438910009015370511e-09
6.025594999999999069e+06	7.373761542270547205e+31	1.363374137890686215e+28	2.452224693244147147e+03	2.732715610789932157e+02	3.444354971647269394e+02	7.057679110606474069e+02	1.395380336167120553e-09
6.309573000000000931e+06	7.296609784943392302e+31	1.284102257099873642e+28	2.489944286773624754e+03	2.790910547032663089e+02	3.526367810710100343e+02	7.153489522788541990e+02	1.352098463820760567e-09
6.606934000000000000e+06	7.218359171444043618e+31	1.211689908992819579e+28	2.531969302147227609e+03	2.851857776201210868e+02	3.609345591108156555e+02	7.260703134893149127e+02	1.309120938407343113e-09
6.918309000000000000e+06	7.139056984309392987e+31	1.145274246911157313e+28	2.572320089905491386e+03	2.915675315390461719e+02	3.685617282711337452e+02	7.357877224499378599e+02	1.266501588069162310e-09
7.244359000000000000e+06	7.058752924735744304e+31	1.084115771018883932e+28	2.617074388585758243e+03	2.982509875762235652e+02	3.770437223840277738e+02	7.444796474119200411e+02	1.224293839245289365e-09
7.585775000000000000e+06	6.977499297394379815e+31	1.027612900992346047e+28	2.662214663800114977e+03	3.052495745438238828e+02	3.856222106304442718e+02	7.543190696157572575e+02	1.182548682005384343e-09
7.943282000000000000e+06	6.895350236249810201e+31	9.752425577127709822e+27	2.709819461558081912e+03	3.125785113881956363e+02	3.942971930103832960e+02	7.631194507939299001e+02	1.141316341424588004e-09
8.317637000000000000e+06	6.812362346536642464e+31	9.265634716596222681e+27	2.757846122098143042e+03	3.202529650568624220e+02	4.030686695238446191e+02	7.730808862409817266e+02	1.100644917524152094e-09
8.709635000000000000e+06	6.728593516054483082e+31	8.811963227665337206e+27	2.810527497296237925e+03	3.282899066685919252e+02	4.127476041536217508e+02	7.819897236353448307e+02	1.060579649128459929e-09
9.120108000000000000e+06	6.644103349877136340e+31	8.388132991408367917e+27	2.861570531126996229e+03	3.367053737465996051e+02	4.217208411280848281e+02	7.909495992490922163e+02	1.021163739496397275e-09
9.549925000000000000e+06	6.558953291002742213e+31	7.991295706878839628e+27	2.917385508025934996e+03	3.455181706365071364e+02	4.307905722360703749e+02	7.999605130822229739e+02	9.824378303647238070e-10
1.000000000000000000e+07	6.473205177084870513e+31	7.618957604900894880e+27	2.973739576117116030e+03	3.547463623487321343e+02	4.407948755144192319e+02	8.101587977661025661e+02	9.444398010141888156e-10
